start=2.603000
volume=172.000000
fullscreen=yes
