start=3051.352326
pause=yes
volume=78.000000
sub-delay=0.100000
