start=1420.669000
volume=110.000000
