start=3644.558000
volume=130.000000
