start=2728.099000
volume=150.000000
