start=704.829000
volume=140.000000
