start=294.128000
volume=71.000000
