start=254.267000
volume=102.000000
fullscreen=yes
