start=304.230683
volume=78.000000
fullscreen=yes
