start=484.083000
volume=102.000000
fullscreen=yes
