start=1418.834000
volume=102.000000
