start=374.249000
volume=94.000000
fullscreen=yes
