start=445.320000
volume=94.000000
fullscreen=yes
