start=1420.753000
volume=86.000000
