start=822.958333
volume=86.000000
fullscreen=yes
