start=128.695362
volume=114.000000
fullscreen=yes
