start=1421.003000
volume=122.000000
