start=2159.032000
volume=119.000000
fullscreen=yes
sid=2
