start=608.566667
volume=116.000000
fullscreen=yes
