start=186.466667
volume=90.000000
