start=414.000000
volume=114.000000
fullscreen=yes
