start=553.653000
volume=94.000000
