start=306.765000
pause=yes
volume=78.000000
