start=163.409447
volume=130.000000
