start=447.642000
volume=106.000000
fullscreen=yes
sub-delay=-0.000000
