start=477.719254
volume=108.000000
