start=224.133000
volume=78.000000
