start=1327.080000
volume=82.000000
