start=891.693777
volume=98.000000
