start=7157.676712
volume=136.000000
fullscreen=yes
