start=126.680000
volume=126.000000
fullscreen=yes
