start=3224.430000
volume=96.000000
fullscreen=yes
contrast=-3
sid=2
