start=341.566667
volume=90.000000
fullscreen=yes
