start=1413.370000
volume=122.000000
