start=1129.628000
volume=88.000000
