start=2454.958000
pause=yes
volume=112.000000
