start=310.476833
volume=100.000000
fullscreen=yes
