start=1321.153167
volume=92.000000
