start=731.630900
volume=82.000000
