start=1061.628000
volume=96.000000
