start=0.626000
volume=134.000000
