start=5835.835836
volume=130.000000
