start=978.011000
volume=120.000000
fullscreen=yes
