start=5459.141000
volume=152.000000
sid=2
