start=1418.959000
volume=114.000000
