start=1419.710000
volume=112.000000
