start=567.042000
volume=106.000000
