start=611.694000
volume=102.000000
fullscreen=yes
