start=1417.124000
volume=96.000000
