start=395.061000
volume=160.000000
