start=1418.709000
volume=90.000000
