start=354.933333
volume=108.000000
fullscreen=yes
