start=464.163700
volume=78.000000
