start=270.187000
volume=170.000000
