start=27.494133
volume=94.000000
fullscreen=yes
contrast=1
