start=1169.168000
volume=130.000000
