start=6991.151000
volume=142.000000
fullscreen=yes
