start=2050.213000
pause=yes
volume=130.000000
