start=3671.248208
volume=98.000000
