start=603.395062
volume=98.000000
