start=334.033000
volume=76.000000
fullscreen=yes
