start=765.879563
volume=98.000000
fullscreen=yes
