start=4583.454000
volume=134.000000
