start=6947.983000
volume=168.000000
