start=1096.995900
volume=106.000000
fullscreen=yes
contrast=1
