start=1384.049000
volume=102.000000
