start=404.504000
volume=80.000000
fullscreen=yes
