start=591.541000
volume=108.000000
