start=43.600000
volume=140.000000
aid=1
sid=1
