start=1328.593933
volume=110.000000
fullscreen=yes
