start=452.600000
volume=118.000000
fullscreen=yes
