start=242.000000
volume=176.000000
fullscreen=yes
