start=1420.794000
volume=128.000000
audio-delay=-0.000000
contrast=1
