start=822.160000
volume=102.000000
fullscreen=yes
