start=556.189000
volume=90.000000
