start=1352.815666
volume=96.000000
