start=0.542000
volume=94.000000
