start=76.960000
volume=58.000000
