start=5901.292000
volume=92.000000
fullscreen=yes
