start=32.167000
volume=116.000000
