start=1815.105000
volume=112.000000
sid=1
