start=13.947000
volume=100.000000
