start=503.526035
volume=86.000000
