start=601.500000
volume=80.000000
