start=650.880000
volume=118.000000
fullscreen=yes
