start=230.981000
volume=52.000000
