start=133.633000
volume=82.000000
