start=792.092000
volume=60.000000
fullscreen=yes
