start=190.400000
volume=44.000000
