start=1205.866667
volume=86.000000
