start=20.333000
volume=90.000000
