start=135.469000
volume=60.000000
