start=1288.654000
volume=62.000000
fullscreen=yes
