start=3790.000000
volume=64.000000
