start=291.758000
volume=90.000000
fullscreen=yes
