start=229.479000
volume=112.000000
