start=810.351000
volume=132.000000
