start=282.249000
volume=86.000000
