start=6979.347502
volume=186.000000
