start=1748.789000
volume=144.000000
sid=no
