start=414.360000
volume=66.000000
