start=1421.462000
volume=94.000000
