start=229.866667
volume=104.000000
fullscreen=yes
