start=287.200000
volume=60.000000
