start=786.185000
volume=74.000000
fullscreen=yes
