start=107.233333
volume=98.000000
