start=497.100000
volume=132.000000
