start=435.791667
volume=60.000000
