start=1057.884200
volume=92.000000
