start=706.605900
volume=78.000000
