start=294.466000
volume=98.000000
