start=2536.567000
volume=182.000000
fullscreen=yes
