start=73.389983
volume=88.000000
