start=188.980458
volume=80.000000
fullscreen=yes
