start=6.200000
volume=58.000000
