start=60.966667
volume=84.000000
fullscreen=yes
