start=1988.233333
volume=108.000000
