start=665.915000
pause=yes
volume=78.000000
sub-delay=-0.100000
