start=5352.931000
volume=172.000000
