start=106.430675
volume=72.000000
fullscreen=yes
