start=554.453900
volume=86.000000
fullscreen=yes
