start=268.051085
volume=64.000000
fullscreen=yes
