start=1273.773000
pause=yes
volume=136.000000
