start=11.720042
volume=80.000000
fullscreen=yes
