start=662.829000
volume=86.000000
