start=5651.735068
volume=124.000000
fullscreen=yes
