start=5883.797000
volume=94.000000
