start=529.196000
volume=116.000000
fullscreen=yes
