start=4132.933333
volume=84.000000
fullscreen=yes
