start=347.847500
volume=94.000000
