start=272.705767
volume=88.000000
