start=56.423033
volume=52.000000
