start=406.932379
volume=48.000000
fullscreen=yes
contrast=1
