start=700.100000
volume=86.000000
