start=566.360000
volume=106.000000
fullscreen=yes
