start=522.934000
volume=84.000000
fullscreen=yes
