start=1238.100000
volume=52.000000
