start=277.176900
volume=96.000000
fullscreen=yes
