start=1420.836000
volume=126.000000
contrast=-1
