start=1314.104000
volume=144.000000
sub-visibility=no
