start=314.147167
volume=66.000000
fullscreen=yes
