start=2851.360000
volume=102.000000
