start=1419.460000
volume=152.000000
