start=258.133000
volume=124.000000
fullscreen=yes
