start=539.572000
volume=116.000000
fullscreen=yes
sub-delay=-0.100000
