start=215.766667
volume=44.000000
fullscreen=yes
