start=831.581000
volume=118.000000
