start=377.777000
volume=80.000000
