start=255.633000
pause=yes
volume=130.000000
