start=40.832458
volume=42.000000
fullscreen=yes
