start=437.088667
volume=54.000000
fullscreen=yes
