start=192.000000
volume=108.000000
