start=419.880000
volume=96.000000
