start=511.440000
volume=74.000000
fullscreen=yes
