start=2514.466000
volume=68.000000
