start=1408.824000
volume=98.000000
