start=7321.129312
volume=88.000000
fullscreen=yes
contrast=1
sub-delay=-2.799999
