start=436.402000
volume=80.000000
fullscreen=yes
