start=32.365667
volume=88.000000
