start=247.466667
volume=118.000000
fullscreen=yes
