start=2761.158400
volume=78.000000
