start=2968.666667
volume=84.000000
