start=5825.278000
volume=122.000000
fullscreen=yes
