start=599.015000
volume=184.000000
