start=1416.707000
volume=146.000000
