start=730.930931
volume=68.000000
fullscreen=yes
