start=1201.066667
volume=82.000000
contrast=1
