start=84.800000
volume=98.000000
