start=445.812000
volume=92.000000
