start=802.920000
volume=86.000000
