start=1267.633033
volume=150.000000
contrast=1
