start=549.582000
volume=88.000000
