start=261.623033
volume=100.000000
