start=3438.902133
volume=60.000000
