start=1419.251000
volume=106.000000
ab-loop-a=156.031000
