start=178.711867
volume=58.000000
