start=870.269400
volume=64.000000
