start=868.929868
volume=58.000000
