start=404.704300
volume=98.000000
