start=78.778700
volume=108.000000
