start=118.880000
volume=80.000000
