start=256.240000
volume=104.000000
fullscreen=yes
