start=823.400000
volume=96.000000
fullscreen=yes
