start=1142.558000
volume=84.000000
fullscreen=yes
