start=44.544500
volume=76.000000
fullscreen=yes
