start=5.505500
volume=50.000000
