start=5727.926472
volume=112.000000
fullscreen=yes
