start=66.566500
volume=44.000000
