start=255.555556
volume=76.000000
fullscreen=yes
