start=526.967000
volume=88.000000
