start=476.267935
volume=98.000000
