start=332.900000
volume=112.000000
fullscreen=yes
