start=417.750000
volume=148.000000
fullscreen=yes
