start=5221.160000
volume=56.000000
fullscreen=yes
