start=5544.122000
volume=102.000000
sid=2
