start=741.063667
volume=58.000000
