start=3565.979000
volume=200.000000
fullscreen=yes
sid=2
