start=549.076579
volume=128.000000
fullscreen=yes
