start=1420.252000
volume=98.000000
