start=526.456000
volume=82.000000
