start=1405.466667
pause=yes
volume=56.000000
