start=880.533333
volume=68.000000
fullscreen=yes
