volume=92.000000
fullscreen=yes
video-aspect-override=1.777778
