start=761.460700
volume=74.000000
