start=1421.545000
volume=104.000000
audio-delay=-0.000000
