start=726.267000
volume=100.000000
aid=2
