start=161.411000
panscan=0.100000
aid=no
sub-delay=0.100000
