start=260.460000
volume=98.000000
fullscreen=yes
