start=1420.085000
volume=96.000000
