start=703.003003
volume=114.000000
