start=8004.288000
volume=106.000000
saturation=1
