start=935.868267
volume=48.000000
