start=567.080000
volume=78.000000
