start=637.837000
volume=90.000000
