start=123.523400
volume=56.000000
fullscreen=yes
