start=1419.752000
volume=130.000000
