start=169.211000
volume=86.000000
