start=25.492133
sub-delay=-0.200000
