start=198.333333
volume=122.000000
fullscreen=yes
