start=321.454000
volume=116.000000
