start=55.472000
pause=yes
volume=86.000000
contrast=-1
