start=978.686000
pause=yes
volume=86.000000
contrast=-1
