start=402.610542
volume=56.000000
fullscreen=yes
contrast=1
