start=698.173858
volume=80.000000
