start=1314.688000
volume=148.000000
