start=1029.250000
volume=158.000000
fullscreen=yes
