start=502.650000
volume=60.000000
fullscreen=yes
