start=0.000000
volume=142.000000
fullscreen=yes
