start=5.271933
volume=62.000000
fullscreen=yes
