start=5966.361000
volume=84.000000
