start=909.633000
volume=80.000000
fullscreen=yes
