start=276.276000
volume=92.000000
