start=2369.066700
volume=92.000000
