start=606.433333
volume=122.000000
fullscreen=yes
