start=219.650282
volume=76.000000
