start=683.416000
volume=78.000000
fullscreen=yes
