start=4388.317267
pause=yes
volume=90.000000
