start=771.354000
volume=124.000000
contrast=-4
