start=1505.003500
pause=yes
volume=44.000000
