start=374.520000
volume=100.000000
fullscreen=yes
