start=464.733333
volume=62.000000
fullscreen=yes
