start=415.749000
volume=168.000000
