start=488.300000
volume=92.000000
