start=4609.422005
volume=36.000000
