start=5610.583000
volume=66.000000
panscan=0.200000
aid=1
