start=4389.719000
volume=150.000000
contrast=1
