start=6791.243000
volume=108.000000
fullscreen=yes
sid=1
