start=467.334000
volume=80.000000
