start=605.688000
volume=78.000000
