start=105.466667
volume=56.000000
