start=30.766667
volume=82.000000
