start=22.021800
volume=96.000000
