start=217.680000
volume=80.000000
