start=297.041667
volume=62.000000
