start=74.102436
volume=78.000000
