start=53.681967
volume=94.000000
fullscreen=yes
