start=2482.605000
volume=90.000000
sid=1
