start=582.373458
volume=98.000000
