start=219.252000
volume=90.000000
